for node 0
0 -1 -1 2 104
0 1 117 3 118
0 1 126 -1 -1
0 1 129 3 130
0 2 135 3 136
0 3 144 -1 -1
0 -1 -1 1 154
0 -1 -1 3 157
0 1 171 -1 -1
0 2 191 -1 -1
0 2 194 -1 -1


for node 1
1 -1 -1 2 113
1 7 116 0 117
1 2 124 -1 -1
1 7 125 0 126
1 -1 -1 0 129
1 0 154 -1 -1
1 7 164 2 165
1 7 170 0 171
1 7 182 2 183
1 2 188 -1 -1
1 -1 -1 2 190


for node 2
2 0 104 5 105
2 1 113 5 114
2 -1 -1 5 119
2 5 123 1 124
2 -1 -1 0 135
2 1 165 -1 -1
2 1 183 -1 -1
2 -1 -1 1 188
2 1 190 0 191
2 -1 -1 0 194


for node 3
3 4 109 8 110
3 0 118 -1 -1
3 0 130 8 131
3 0 136 4 137
3 8 139 4 140
3 -1 -1 0 144
3 4 150 -1 -1
3 0 157 4 158
3 4 167 -1 -1
3 -1 -1 4 192
3 -1 -1 4 195


for node 4
4 -1 -1 5 101
4 6 108 3 109
4 5 120 -1 -1
4 3 137 -1 -1
4 3 140 6 141
4 -1 -1 6 143
4 5 146 6 147
4 6 149 3 150
4 3 158 -1 -1
4 6 162 -1 -1
4 6 166 3 167
4 6 186 -1 -1
4 3 192 6 193
4 3 195 -1 -1


for node 5
5 4 101 -1 -1
5 2 105 12 106
5 2 114 12 115
5 2 119 4 120
5 12 122 2 123
5 10 145 4 146
5 12 160 -1 -1
5 10 169 -1 -1
5 10 177 -1 -1
5 -1 -1 10 189


for node 6
6 7 103 -1 -1
6 -1 -1 4 108
6 4 141 -1 -1
6 4 143 -1 -1
6 4 147 -1 -1
6 7 148 4 149
6 7 161 4 162
6 -1 -1 7 163
6 -1 -1 4 166
6 -1 -1 7 172
6 -1 -1 7 181
6 -1 -1 4 186
6 4 193 -1 -1


for node 7
7 9 102 6 103
7 -1 -1 1 116
7 -1 -1 1 125
7 -1 -1 6 148
7 -1 -1 6 161
7 6 163 1 164
7 -1 -1 1 170
7 6 172 9 173
7 6 181 1 182


for node 8
8 3 110 11 111
8 3 131 13 132
8 13 133 11 134
8 11 138 3 139
8 11 142 -1 -1
8 13 152 11 153
8 11 156 -1 -1
8 -1 -1 11 178


for node 9
9 -1 -1 7 102
9 -1 -1 10 112
9 10 127 11 128
9 -1 -1 11 155
9 -1 -1 10 168
9 7 173 11 174
9 11 175 10 176
9 -1 -1 10 187


for node 10
10 9 112 -1 -1
10 -1 -1 9 127
10 -1 -1 5 145
10 9 168 5 169
10 9 176 5 177
10 9 187 -1 -1
10 5 189 -1 -1


for node 11
11 8 111 -1 -1
11 9 128 -1 -1
11 8 134 -1 -1
11 -1 -1 8 138
11 -1 -1 8 142
11 8 153 -1 -1
11 9 155 8 156
11 9 174 -1 -1
11 -1 -1 9 175
11 8 178 12 179
11 12 185 -1 -1


for node 12
12 5 106 13 107
12 5 115 -1 -1
12 13 121 5 122
12 -1 -1 13 151
12 13 159 5 160
12 11 179 13 180
12 13 184 11 185


for node 13
13 12 107 -1 -1
13 -1 -1 12 121
13 8 132 -1 -1
13 -1 -1 8 133
13 12 151 8 152
13 -1 -1 12 159
13 12 180 -1 -1
13 -1 -1 12 184


